0.70616
0.71711
0.66149
0.60599
0.53446
0.59617
0.55634
0.56477
0.47132
0.47939
0.51401
0.55531
0.49082
0.35480
0.43691
0.52037
0.44540
0.50638
0.51543
0.42308
0.44621
0.47793
0.49212
0.37304
0.41851
0.47790
0.49241
0.42695
0.47737
0.39647
0.46382
0.45203
0.34020
0.38652
0.44827
0.45157
0.53809
0.43315
0.47506
0.37256
0.35523
0.46813
0.51427
0.42853
0.35427
0.34545
0.42157
0.50116
0.44271
0.51230
0.36191
0.40671
0.51620
0.33925
0.44294
0.42292
0.43731
0.42146
0.39283
0.35758
0.42054
0.35366
0.40509
0.42606
0.39647
0.46804
0.61522
0.35916
0.35139
0.43339
0.42616
0.39815
0.26484
0.40137
0.40038
0.36015
0.45005
0.26790
0.29358
0.43529
0.45506
0.38259
0.43047
0.35044
0.33117
0.43156
0.42749
0.35272
0.44970
0.28697
0.34879
0.45005
0.40683
0.43986
0.42941
0.28510
0.33106
0.25987
0.53898
0.32022
0.35382
0.43310
0.49124
0.36066
0.33200
0.31309
0.50409
0.35584
0.35401
0.55478
0.35637
0.47430
0.56526
0.37633
0.35845
0.37019
0.41482
0.36327
0.52579
0.43551
0.28754
0.40123
0.31456
0.32374
0.37136
0.43653
0.30437
0.33868
0.38957
0.50817
0.50806
0.29744
0.38988
0.47186
0.45103
0.40164
0.37722
0.43436
0.45556
0.37951
0.30849
0.51929
0.28653
0.30156
0.38333
0.29938
0.28684
0.36229
0.32838
0.33465
0.23665
0.39967
0.35286
0.34864
0.34795
0.34849
0.32653
0.32006
0.32620
0.40764
0.27782
0.39593
0.46846
0.35321
0.39607
0.41607
0.47776
0.31450
0.42724
0.37953
0.32049
0.44283
0.40219
0.24181
0.29497
0.53165
0.41923
0.29484
0.45744
0.45975
0.36886
0.38006
0.40199
0.72498
0.30878
0.39454
0.49779
0.37151
0.42726
0.40493
0.48846
0.43314
0.42453
0.36832
0.35671
0.41031
0.47999
0.53450
0.38991
0.38277
0.43214
0.55235
0.37475
0.31392
0.40723
0.42385
0.51169
0.48854
0.44590
0.38095
0.40410
0.45211
0.43975
0.25691
0.30393
0.38714
0.19907
0.45336
0.34874
0.34280
0.29326
0.26509
0.30924
0.35703
0.36471
0.22765
0.54368
0.49395
0.41543
0.23926
0.43877
0.33114
0.34033
0.37167
0.42315
0.41780
0.41298
0.42314
0.39296
0.50221
0.41551
0.48821
0.53955
0.22638
0.25456
0.59285
0.49452
0.38200
0.52262
0.40882
0.40036
0.37674
0.39336
0.64072
0.26414
0.40380
0.43047
0.58809
0.26372
0.36857
0.48744
0.45875
0.51947
0.36152
0.32466
0.33028
0.44500
0.45510
0.27062
0.49123
0.37367
0.36899
0.48653
0.41142
0.41525
0.33833
0.34271
0.40528
0.34887
0.50179
0.36569
0.51622
0.41729
0.29622
