0.69121
0.67849
0.64238
0.64328
0.61113
0.62766
0.61367
0.55522
0.59046
0.59032
0.49046
0.54037
0.46388
0.41541
0.51871
0.47832
0.45525
0.38950
0.53618
0.47907
0.40095
0.44051
0.46808
0.44951
0.43782
0.36729
0.39139
0.36526
0.40542
0.42908
0.41818
0.45085
0.38865
0.45273
0.46301
0.28374
0.53203
0.45250
0.39291
0.33424
0.39073
0.42173
0.36419
0.42344
0.35789
0.35139
0.45850
0.47767
0.45594
0.40793
0.35623
0.46721
0.38592
0.38089
0.39561
0.43707
0.36687
0.41382
0.43429
0.48436
0.40345
0.42159
0.45805
0.45470
0.33079
0.51186
0.43704
0.39014
0.33554
0.35991
0.37389
0.32484
0.38713
0.32254
0.30271
0.37044
0.32968
0.41931
0.35463
0.32947
0.30180
0.27545
0.35425
0.42690
0.42049
0.27796
0.43893
0.32137
0.27658
0.45239
0.30433
0.24201
0.33987
0.30724
0.41399
0.41539
0.32584
0.27263
0.40974
0.24438
0.33942
0.30534
0.33218
0.38239
0.38175
0.31768
0.41053
0.28645
0.45180
0.47823
0.30396
0.39663
0.37763
0.36035
0.30261
0.35215
0.35510
0.38543
0.29414
0.32723
0.27305
0.47322
0.26603
0.38067
0.35653
0.41688
0.47252
0.38445
0.36445
0.36902
0.27663
0.40134
0.31887
0.38452
0.47575
0.33803
0.41873
0.38021
0.34788
0.38628
0.32421
0.25757
0.25988
0.35889
0.22771
0.23699
0.34971
0.28025
0.30743
0.21829
0.22511
0.31962
0.33985
0.24437
0.30971
0.19396
0.35404
0.25154
0.19089
0.36458
0.27072
0.33339
0.24900
0.33821
0.30271
0.22033
0.41894
0.31990
0.24063
0.21287
0.33346
0.28508
0.25355
0.23895
0.28857
0.22922
0.26719
0.56863
0.27393
0.32114
0.31387
0.28424
0.27275
0.35308
0.35113
0.19868
0.22488
0.33009
0.41059
0.31897
0.23569
0.32185
0.40769
0.24197
0.22227
0.31438
0.37338
0.31678
0.34545
0.32531
0.29255
0.29554
0.28865
0.23711
0.28201
0.33101
0.27518
0.31822
0.33945
0.33016
0.25509
0.31244
0.33613
0.16391
0.15914
0.31114
0.18946
0.21950
0.15957
0.21821
0.34297
0.13912
0.26889
0.20862
0.16702
0.16283
0.14098
0.32522
0.25736
0.22784
0.26110
0.20142
0.18184
0.19139
0.16248
0.27108
0.25420
0.17880
0.29942
0.29512
0.23368
0.26301
0.23235
0.28633
0.27815
0.24385
0.23339
0.19448
0.22154
0.29598
0.23643
0.22824
0.28520
0.22127
0.24529
0.24688
0.21471
0.27964
0.37777
0.33244
0.25202
0.27210
0.31697
0.20922
0.14645
0.20780
0.30737
0.32485
0.25199
0.26152
0.26710
0.32720
0.35214
0.18958
0.19839
0.27636
0.27173
0.21604
0.32429
0.26147
0.34606
0.27921
0.23671
0.34897
