1.97565
1.79683
1.65854
1.60108
1.66402
1.47078
1.64726
1.46685
1.47914
1.45378
1.50574
1.42202
1.38124
1.51402
1.44709
1.40861
1.42510
1.34415
1.47447
1.38823
1.33814
1.42748
1.36862
1.29338
1.32543
1.36115
1.32302
1.32661
1.29985
1.34796
1.32650
1.42233
1.37577
1.39942
1.34339
1.30161
1.41759
1.32630
1.31220
1.36875
1.27539
1.37577
1.33110
1.23058
1.26799
1.31049
1.28962
1.24828
1.28106
1.31922
1.27716
1.32351
1.28284
1.31960
1.26751
1.32643
1.31860
1.35629
1.33163
1.33745
1.29590
1.32756
1.30206
1.30254
1.28089
1.26400
1.35938
1.30972
1.31778
1.21988
1.25467
1.20769
1.27645
1.30527
1.22019
1.28515
1.37312
1.22342
1.31042
1.31694
1.19239
1.27283
1.35007
1.23379
1.26288
1.30986
1.31966
1.21350
1.30512
1.35955
1.30038
1.30881
1.32374
1.20623
1.33301
1.18624
1.22338
1.19267
1.32019
1.27675
1.25471
1.23334
1.22276
1.31344
1.32445
1.19365
1.28836
1.31674
1.27139
1.21742
1.31884
1.27848
1.15689
1.25109
1.28173
1.20406
1.23958
1.21351
1.19878
1.26734
1.20217
1.22158
1.18276
1.25107
1.31985
1.18568
1.21828
1.24350
1.23399
1.20377
1.17869
1.29716
1.28693
1.23598
1.33545
1.31139
1.24688
1.26923
1.21378
1.18136
1.17249
1.20760
1.23953
1.19842
1.23207
1.22253
1.19456
1.17310
1.21291
1.23818
1.20915
1.23988
1.23841
1.21914
1.24621
1.18396
1.16716
1.14045
1.25244
1.28899
1.21241
1.11247
1.14493
1.13360
1.25815
1.22022
1.22319
1.26032
1.21176
1.24354
1.19751
1.23352
1.20398
1.22880
1.24880
1.20817
1.28118
1.26257
1.23282
1.21696
1.22922
1.24737
1.24390
1.21578
1.11062
1.13635
1.14335
1.12165
1.12220
1.20686
1.14681
1.19622
1.15821
1.26929
1.29955
1.23702
1.29283
1.11600
1.25853
1.19012
1.25043
1.20996
1.18712
1.23282
1.16581
1.22675
1.21181
1.15646
1.12853
1.25781
1.17662
1.10988
1.16776
1.17763
1.17022
1.19676
1.16161
1.20981
1.11988
1.14728
1.25218
1.21839
1.17631
1.24229
1.20661
1.13897
1.19542
1.13161
1.19381
1.25579
1.08056
1.08121
1.16391
1.11218
1.15203
1.19027
1.16099
1.07759
1.16977
1.15231
1.09904
1.20203
1.17272
1.16322
1.23595
1.20872
1.16301
1.19604
1.25322
1.15425
1.20005
1.17021
1.23144
1.06281
1.09040
1.08097
1.02049
1.21296
1.12103
1.07050
1.10660
1.07437
1.20440
1.11570
1.19797
1.21059
1.21471
1.21062
1.12597
1.17173
1.16209
1.15572
1.08374
1.16879
1.19250
1.18339
1.09602
1.13056
1.09333
1.12584
1.05680
1.12307
1.12384
1.20657
1.13614
1.11504
1.17112
1.20539
1.12029
1.16375
1.16962
1.17585
1.10077
1.21559
1.15553
1.12035
1.20820
1.17423
1.20467
1.12990
1.06484
1.07777
1.11511
1.08218
1.10824
1.06283
1.08204
1.11703
1.03150
1.10543
1.12671
1.15392
1.07287
1.07764
1.19644
1.14530
1.15635
1.09506
1.09187
1.10687
1.18541
1.16766
0.93461
1.06950
1.11602
1.01550
1.00446
1.04318
1.06795
1.11236
1.12177
1.17786
1.19309
1.07736
1.15482
1.13030
0.99790
1.07737
1.19056
1.13874
1.13021
1.15568
1.08651
1.07380
1.18328
